A <- c(10,20,30,40,50)
B <- c(1,2,3,4,5)
C <- A+B
